Validation Accuracy: 99.00%

Classification Report:
              precision    recall  f1-score   support

           1       1.00      1.00      1.00        21
          10       1.00      1.00      1.00        21
          11       1.00      1.00      1.00        31
          12       1.00      1.00      1.00        21
          13       1.00      1.00      1.00        21
          14       1.00      1.00      1.00        21
          15       1.00      1.00      1.00        31
          16       1.00      1.00      1.00        31
          17       1.00      1.00      1.00        21
          18       1.00      1.00      1.00        21
          19       1.00      1.00      1.00        21
           2       1.00      1.00      1.00        31
          20       1.00      1.00      1.00        21
          21       1.00      1.00      1.00        21
          22       1.00      1.00      1.00        21
          23       1.00      1.00      1.00        21
          24       1.00      1.00      1.00        21
          25       1.00      1.00      1.00        21
          26       1.00      1.00      1.00        21
          27       1.00      1.00      1.00        21
          28       1.00      1.00      1.00        21
          29       0.95      1.00      0.98        21
           3       1.00      1.00      1.00        21
          30       1.00      1.00      1.00        21
          31       1.00      1.00      1.00        21
          32       1.00      1.00      1.00        21
          33       1.00      1.00      1.00        21
          34       1.00      1.00      1.00        21
          35       1.00      1.00      1.00        21
          36       1.00      0.90      0.95        21
          37       0.84      1.00      0.91        21
          38       0.90      0.90      0.90        21
          39       1.00      1.00      1.00        21
           4       1.00      1.00      1.00        21
          40       0.95      1.00      0.98        21
          41       1.00      1.00      1.00        21
          42       1.00      1.00      1.00        21
          43       1.00      1.00      1.00        21
          44       1.00      1.00      1.00        21
          45       1.00      1.00      1.00        21
          46       1.00      1.00      1.00        21
          47       1.00      1.00      1.00        21
          48       0.91      1.00      0.95        21
          49       1.00      0.86      0.92        21
           5       1.00      1.00      1.00        21
          50       1.00      0.86      0.92        21
           6       1.00      1.00      1.00        21
           7       1.00      1.00      1.00        21
           8       0.95      1.00      0.98        21
          87       1.00      1.00      1.00        10
           9       1.00      0.95      0.98        21

    accuracy                           0.99      1100
   macro avg       0.99      0.99      0.99      1100
weighted avg       0.99      0.99      0.99      1100
